# Long term averages for 3by1 systems
#
# U               n1                n2             n3                  T
# 
0           0.70312341      0.59375627      0.70313465             1e5
0.05        0.69971742      0.59667857      0.70339861             1e7
0.1         0.69621036      0.59995952      0.70387252             2e4
0.5         0.66255935      0.62504146      0.71240728             2e4
0.8         0.63168025      0.64530403      0.72287873             1e5
1.0        0.60918913       0.65937749      0.73128122             1e5
1.5        0.54889709       0.69620784      0.75488925             1e5
2          0.48707591       0.73348486      0.77936277             1e6
3          0.3734287        0.80303788      0.82326091             1e5
5          0.21648147       0.90112927      0.88259843             2e4
7          0.13285298       0.95180579      0.91507717             1e5
10         0.07276462       0.98564188      0.94133382             1e5
#50         0.00321341       1.00767503      0.98923329             1e6


