./get_average.cmd 3by3_U0_T500_MB.dat 
#======================================================================
#                         Statistics
#======================================================================
#   Dimension   Count    Minimum         Mean      Maximum        Stdev
#----------------------------------------------------------------------
            1    5000   0.000000   250.000000   500.000000   144.366438
            2    5000   0.000000     0.273724     1.000000     0.348957
            3    5000   0.000000     0.078089     0.210937     0.077334
            4    5000   0.000000     0.023425     0.062500     0.022777
            5    5000   0.000000     0.078089     0.210938     0.077334
            6    5000   0.000000     0.093699     0.250000     0.091110
            7    5000   0.000000     0.078082     0.210937     0.077340
            8    5000   0.000000     0.023425     0.062500     0.022777
            9    5000   0.000000     0.078082     0.210937     0.077340
           10    5000   0.000000     0.273387     1.000000     0.348758


./get_average.cmd U0_RKF_3by3_T500.dat 
#======================================================================
#                         Statistics
#======================================================================
#   Dimension   Count    Minimum         Mean      Maximum        Stdev
#----------------------------------------------------------------------
            1    2000   0.250000   250.132710   500.010000   144.340011
            2    2000   0.000000     0.273602     1.000000     0.348881
            3    2000   0.000000     0.078096     0.210936     0.077340
            4    2000   0.000000     0.023429     0.062500     0.022778
            5    2000   0.000000     0.078096     0.210936     0.077340
            6    2000   0.000000     0.093716     0.249999     0.091112
            7    2000   0.000000     0.078095     0.210937     0.077339
            8    2000   0.000000     0.023429     0.062500     0.022778
            9    2000   0.000000     0.078095     0.210937     0.077339
           10    2000   0.000000     0.273442     1.000000     0.348776

           

           
           
           
           
./get_average.cmd 3by3_U20_T500_MB.dat 
#======================================================================
#                         Statistics
#======================================================================
#   Dimension   Count    Minimum         Mean      Maximum        Stdev
#----------------------------------------------------------------------
            1    5000   0.000000   250.000000   500.000000   144.366438
            2    5000   0.000000     0.000465     0.001495     0.000352
            3    5000   0.000000     0.000177     0.000694     0.000150
            4    5000   0.000000     0.000057     0.000204     0.000044
            5    5000   0.000000     0.000177     0.000694     0.000150
            6    5000   0.000000     0.000209     0.000804     0.000174
            7    5000   0.000000     0.001013     0.003001     0.000602
            8    5000   0.000000     0.000057     0.000204     0.000044
            9    5000   0.000000     0.001013     0.003001     0.000602
           10    5000   4.993859     4.996834     5.000000     0.001156

           
./get_average.cmd U20_RKF_3by3_T500.dat 
#======================================================================
#                         Statistics
#======================================================================
#   Dimension   Count    Minimum         Mean      Maximum        Stdev
#----------------------------------------------------------------------
            1    2000   0.252244   250.126541   500.002474   144.337550
            2    2000   0.979849     0.989739     1.000000     0.003938
            3    2000   0.000000     0.003292     0.009986     0.002028
            4    2000   0.000000     0.000166     0.000778     0.000149
            5    2000   0.000000     0.003292     0.009986     0.002028
            6    2000   0.000000     0.000667     0.003194     0.000595
            7    2000   0.000000     0.000569     0.002318     0.000503
            8    2000   0.000000     0.000166     0.000778     0.000149
            9    2000   0.000000     0.000569     0.002318     0.000503
           10    2000   0.000000     0.001600     0.004896     0.001220
