Long-term averages for U=0: 
RKF
   Dimension   Count    Minimum         Mean       Maximum        Stdev
#-----------------------------------------------------------------------
            1   10000   0.102194   500.051509   1000.002661   288.675139
            2   10000   0.000000     0.273901      1.000000     0.348844
            3   10000   0.000000     0.077986      0.212118     0.077143
            4   10000   0.000000     0.023270      0.062498     0.022632
            5   10000   0.000000     0.077986      0.212118     0.077143
            6   10000   0.000000     0.094102      0.250532     0.091063
            7   10000   0.000000     0.077973      0.212144     0.077146
            8   10000   0.000000     0.023270      0.062498     0.022632
            9   10000   0.000000     0.077973      0.212144     0.077146
           10   10000   0.000000     0.273561      0.999970     0.348648

Analytic

#   Dimension   Count    Minimum         Mean       Maximum        Stdev
#-----------------------------------------------------------------------
            1   10000   0.000000   500.000000   1000.000000   288.704004
            2   10000   0.000000     0.015617      0.062503     0.017469
            3   10000   0.000000     0.011739      0.036390     0.013130
            4   10000   0.000000     0.050734      0.157255     0.056743
            5   10000   0.000000     0.166971      0.501428     0.179413
            6   10000   0.000000     0.132603      0.357497     0.130047
            7   10000   0.000000     0.106480      0.299557     0.108702
            8   10000   0.000000     0.152383      0.376929     0.136541
            9   10000   0.000000     0.035066      0.105818     0.038710
           10   10000   0.054911     0.328375      1.000000     0.330605

           
           
Longterm averages for U=0.001: RKF
#   Dimension   Count    Minimum         Mean       Maximum        Stdev
#-----------------------------------------------------------------------
            1   10000   0.102194   500.051509   1000.002661   288.675139
            2   10000   0.000000     0.273901      1.000000     0.348844
            3   10000   0.000000     0.077986      0.212118     0.077143
            4   10000   0.000000     0.023270      0.062498     0.022632
            5   10000   0.000000     0.077986      0.212118     0.077143
            6   10000   0.000000     0.094102      0.250532     0.091063
            7   10000   0.000000     0.077973      0.212144     0.077146
            8   10000   0.000000     0.023270      0.062498     0.022632
            9   10000   0.000000     0.077973      0.212144     0.077146
           10   10000   0.000000     0.273561      0.999970     0.348648


Analytic:
#                         Statistics
#=======================================================================
#   Dimension   Count    Minimum         Mean       Maximum        Stdev
#-----------------------------------------------------------------------
            1   10000   0.000000   500.000000   1000.000000   288.704004
            2   10000   0.000000     0.016580      0.036755     0.008416
            3   10000   0.000000     0.048772      0.115902     0.023750
            4   10000   0.000000     0.123662      0.248950     0.056770
            5   10000   0.000000     0.233875      0.397114     0.096037
            6   10000   0.000000     0.483789      0.758269     0.192178
            7   10000   0.000000     0.696600      0.993786     0.233095
            8   10000   0.000000     1.118435      1.617149     0.351966
            9   10000   0.000000     1.255947      2.126391     0.332836
           10   10000   1.240400     2.022310      6.000000     0.928197

           
           
           
           
longterm averages for U=0.1: 

RKF
#   Dimension   Count    Minimum         Mean       Maximum        Stdev
#-----------------------------------------------------------------------
            1   10000   0.102089   500.051666   1000.000710   288.675145
            2   10000   0.000000     0.287939      1.000000     0.344163
            3   10000   0.000000     0.069573      0.210748     0.065173
            4   10000   0.000000     0.017389      0.062468     0.015926
            5   10000   0.000000     0.069573      0.210748     0.065173
            6   10000   0.000000     0.111307      0.339806     0.090055
            7   10000   0.000000     0.069569      0.210559     0.065170
            8   10000   0.000000     0.017389      0.062468     0.015926
            9   10000   0.000000     0.069569      0.210559     0.065170
           10   10000   0.000000     0.287713      0.999099     0.344038

Analytic:

#   Dimension   Count    Minimum         Mean       Maximum        Stdev
#-----------------------------------------------------------------------
            1   10000   0.000000   500.000000   1000.000000   288.704001
            2   10000   0.000000     0.527791      0.769800     0.155484
            3   10000   0.000000     0.567736      0.700800     0.105532
            4   10000   0.000000     0.627999      0.741500     0.080640
            5   10000   0.000000     0.614409      0.748200     0.053311
            6   10000   0.000000     0.702834      0.869900     0.042863
            7   10000   0.000000     0.711885      0.986500     0.052032
            8   10000   0.000000     0.739143      1.602300     0.095888
            9   10000   0.000000     0.746558      2.201800     0.101462
           10   10000   0.634700     0.761655      6.000000     0.191587
           

           
           
           
Longterm averages for U=1: 

RKF

#   Dimension   Count    Minimum         Mean       Maximum        Stdev
#-----------------------------------------------------------------------
            1   10000   0.100109   500.051343   1000.001824   288.675126
            2   10000   0.000003     0.288018      1.000000     0.343278
            3   10000   0.000000     0.069477      0.213999     0.065010
            4   10000   0.000000     0.017102      0.061376     0.016059
            5   10000   0.000000     0.069477      0.213999     0.065010
            6   10000   0.000000     0.111262      0.331330     0.088105
            7   10000   0.000000     0.069529      0.212051     0.065003
            8   10000   0.000000     0.017102      0.061376     0.016059
            9   10000   0.000000     0.069529      0.212051     0.065003
           10   10000   0.000000     0.288524      0.998148     0.343415

Analytic
#   Dimension   Count    Minimum         Mean       Maximum        Stdev
#-----------------------------------------------------------------------
            1   10000   0.000000   500.000000   1000.000000   288.704001
            2   10000   0.000000     0.397332      0.500000     0.068061
            3   10000   0.000000     0.547668      0.627400     0.060560
            4   10000   0.000000     0.626976      0.701700     0.050745
            5   10000   0.000000     0.690839      0.792300     0.040943
            6   10000   0.000000     0.725993      0.909700     0.032735
            7   10000   0.000000     0.726661      1.017600     0.036279
            8   10000   0.000000     0.752170      1.517100     0.050815
            9   10000   0.000000     0.757669      1.880400     0.062222
           10   10000   0.670700     0.774665      6.000000     0.116011

